image_width: 640
image_height: 480
distortion_model: plumb_bob
camera_name: camera
camera_matrix:
  rows: 3
  cols: 3
  data:
  - 8.85169630e+02
  - 0.
  - 5.06212390e+02
  - 0.
  - 1.100526099e+03
  - 2.08178652e+02
  - 0.
  - 0.
  - 1.
distortion_coefficients:
  rows: 1
  cols: 5
  data:  [  0.552436e+00,  -0.530958e+00,  0.1806e-02,
    0.135936e+00,   0.00000000e+00,   0.00000000e+00,
    0.00000000e+00,   0.00000000e+00,   0.00000000e+00,
    0.00000000e+00,   0.00000000e+00,   0.00000000e+00,
    0.00000000e+00,   0.00000000e+00]
rectification_matrix:
  rows: 3
  cols: 3
  data: [1, 0, 0, 0, 1, 0, 0, 0, 1]
projection_matrix:
  rows: 3
  cols: 4
  data:
  - 8.13026917e+02
  - 0.
  - 5.32721359e+02
  - 0.
  - 0.
  - 1.175978271e+03
  - 2.09433395e+02
  - 0.
  - 0.
  - 0.
  - 1.
  - 0.
